%%%%%%%%%%%%%%%%%%%%%%%%%%%%%%%%%%%% d =  40
% our strategy
our_ave_delay = [64.9744, 64.9050, 65.0778, 65.4984, 66.2425];
our_ave_delay_save = [35.0256, 35.0950, 34.9222, 33.7575, 33.5005, 33.2731];
% equal
equal_ave_delay = [76.9837, 76.0830, 76.7602, 79.2897];
equal_ave_delay_save = [23.3998, 21.7458, 23.2398, 20.7103, 19.1878, 18.8290, 14.6475];
% greedy
greedy_ave_delay = [62.2523, 61.9055, 61.9988, 62.6720, 67.3867, 63.9501];
greedy_ave_delay_save = [37.7477, 38.0945, 38.0012, 37.3280, 36.6133, 36.0499, 35.6109];

